Method 1:

	42	3	2	2	3
	3	4	3	3	3
	5	7	6	7	6
	11	9	8	9	10
	18	18	22	22	17
	24	24	24	28	43
	40	29	27	26	26
	46	47	46	45	46
	135	116	100	96	104
	150	148	148	166	165
	185	185	198	188	193
	235	231	267	261	289
	1591	1936	13421	1963	1986
	2069	1995	1999	2043	2053
	8695	8644	7689	7541	7415
	23384	25251	23524	23308	22949
	24740	27271	28596	35241	29454
	53697	55201	54108	57965	53220
	108727	93578	101846	109210	117708
	130870	152043	116890	112286	100767
	559111	573571	562271	574160	578694
	594769	588454	590614	599458	595884
	751122	758210	764701	753742	754473
	2952954	3068179	2976218	2952787	2953952
	3563374	3505595	3533945	3518509	3495436
	4154809	4283361	4248279	4211495	4173215
	19853829	19878477	19701324	20038333	19891186
	103500157	103366568	103374379	103466264	104041194

Method 2:

	9	8	7	7	7
	7	6	7	7	6
	13	14	12	13	13
	19	20	20	19	19
	37	39	37	38	37
	49	50	52	51	51
	55	54	54	55	56
	96	93	94	96	95
	193	195	197	191	194
	296	298	298	302	294
	203	363	372	366	368
	446	442	448	449	450
	4332	2914	2933	2907	2895
	3589	3607	3572	3498	3597
	12072	8982	7552	7524	7558
	25848	24131	24596	25741	25798
	26082	26152	26351	27648	25910
	54243	56326	55138	57797	56550
	95165	97257	97768	95216	98726
	104746	101435	109240	103856	111866
	562476	567750	563248	567796	575196
	604967	609309	600408	612021	598611
	789559	761354	802459	783729	792129
	3020612	2984222	2998597	3006183	3036243
	3575581	3523824	3540347	3705901	3520859
	4292259	4264630	4271984	4186302	4341223
	19749882	19842289	19638257	19518967	19809727
	103324178	103703119	103816472	103431200	103984537

	Method 1:

    	198607998	199770880	199246555	199643972	199726973
    	308854624	308994351	309978380	309220944	308920947
    	940566480	942160999	942021191	942571535	941983954

    Method 2:

    	199839636	200060126	199659107	199960871	199807428
    	309270663	308993582	310608478	309032329	308709594
    	1004253222	1003941203	1007211751	1005155514	1004774306