Method 1:

	102	11	9	10	8
	10	8	9	10	9
	23	21	20	20	21
	33	30	31	34	30
	64	63	63	62	61
	83	84	85	84	87
	94	95	94	94	94
	160	183	161	160	161
	335	331	333	331	334
	512	504	508	518	508
	623	621	640	627	628
	780	761	759	756	757
	4807	4733	4731	4768	4742
	5878	5841	5862	5977	6161
	21074	19660	19845	19983	26187
	68301	70415	74059	72843	67998
	60804	59334	65670	68190	72286
	148384	144089	157563	142171	169846
	267990	257919	262657	236325	234086
	230327	230867	233171	267587	259150
	1440712	1500642	1484470	1486520	1382749
	1499170	1370231	1548865	1568460	1546416
	1817429	1684063	1941022	2041601	1943828
	7087149	7094036	7457483	6857570	7482653
	8815502	8519387	8608328	8604983	8706908
	10067327	9683806	10481407	10428321	10242446
	48338658	47837262	48252412	48442779	47644891
	259125848	257669031	258593871	258777284	259001780

Method 2:

	18	14	16	15	13
	14	17	14	14	16
	25	26	26	26	26
	38	36	36	38	37
	71	80	70	71	70
	93	95	93	93	92
	114	166	172	169	171
	294	288	292	303	288
	591	611	578	538	582
	479	540	534	525	546
	650	653	650	647	675
	775	749	857	821	818
	5326	6726	5573	4726	5348
	7958	5997	9711	6187	5971
	19339	19501	19832	20857	21523
	62679	60030	65291	61129	59511
	66386	79981	55917	61267	65833
	125142	122710	102832	124124	138342
	202039	224146	225472	187528	223527
	226426	233644	248093	230692	220255
	1197265	1180194	1118534	1194029	1205960
	1299083	1061918	1262836	1273684	1265302
	1545012	1518434	1585835	1581446	1511498
	5678688	5653647	5838364	5567629	5669708
	6664503	6402822	6641269	6764554	6564467
	7996654	7861718	7572766	7533791	7974849
	35471630	34910056	34046183	35076760	35234855
	189725893	189296229	189020159	189768069	189137969